0 -1
0 -1
0 -1
0 -1
0 -1
0 -1
0 -1
0 -1
0 -1
0 -1
0 -1
0 -1
-210.874438761 3
-219.559588337 1
-227.95254893 1
-235.988389654 1
-243.58775054 1
-250.653636066 1
-257.067496154 1
-266.436950033 1
-275.666282551 1
0 -1
0 -1
-201.950225472 3
0 -1
0 -1
0 -1
0 -1
0 -1
-252.916522393 3
0 -1
-284.724355629 0
0 -1
0 -1
-192.830414599 3
-205.87076234 1
-219.586742913 1
-227.442210123 1
-234.82111449 1
-241.617553162 1
-247.702089316 1
0 -1
-293.573111613 0
0 -1
0 -1
-173.710295638 3
0 -1
-226.685916466 0
0 -1
0 -1
0 -1
0 -1
0 -1
-302.166035594 0
0 -1
0 -1
-156.248380124 3
0 -1
-233.140461921 0
-235.776825557 1
-236.776825557 1
0 -1
-314.082639651 2
-313.082639651 2
-310.446276015 0
0 -1
0 -1
-140.143176523 3
0 -1
-235.776825557 0
0 -1
0 -1
0 -1
0 -1
0 -1
-315.516899606 0
0 -1
0 -1
-125.148009939 3
0 -1
-236.776825557 0
0 -1
-23.7744752154 2
-11.6985138469 2
0 -1
0 -1
-319.492106218 0
0 -1
0 -1
-111.061055462 3
0 -1
0 -1
0 -1
-36.3117613324 0
0 -1
0 -1
0 -1
-322.128469854 0
0 -1
0 -1
-97.7171836169 2
-84.981288471 2
-72.7428288061 2
-60.9113618076 2
-49.4128888088 0
-52.0492524452 1
-53.0492524452 1
0 -1
-323.128469854 0
0 -1
0 -1
0 -1
0 -1
0 -1
0 -1
0 -1
0 -1
0 -1
0 -1
0 -1
0 -1
iterations 5344
