0 -1
0 -1
0 -1
0 -1
0 -1
0 -1
0 -1
0 -1
0 -1
0 -1
0 -1
0 -1
0 -1
0 -1
0 -1
0 -1
0 -1
0 -1
0 -1
0 -1
0 -1
0 -1
-146.026695232 2
-145.026695232 2
-142.693361898 2
-137.037277242 2
-131.599887471 2
-126.30829429 2
-121.113898837 2
-115.738362795 2
-110.488005433 2
-105.321100526 2
-100.209830587 2
-95.1356506283 2
-90.0861973224 3
0 -1
-33.2942305734 2
-31.0012441086 2
-27.8059197988 3
0 -1
-3.33333333333 3
0 -1
0 -1
0 -1
0 -1
-146.508176713 0
0 -1
0 -1
0 -1
-121.576691456 3
0 -1
0 -1
0 -1
0 -1
0 -1
-85.0532284518 3
0 -1
-34.2337102705 3
0 -1
-24.0090369255 3
0 -1
-2.33333333333 3
0 -1
0 -1
-153.063732269 2
-152.063732269 2
-149.730398935 0
0 -1
-123.551886535 2
-122.551886535 2
-120.218553202 3
0 -1
-100.757064705 3
0 -1
-86.9953989142 3
0 -1
-80.0312492047 3
0 -1
-33.1933634019 2
-26.1640143668 2
-19.8111150101 2
-8.92444600403 2
0 -1
0 -1
0 -1
0 -1
0 -1
0 -1
0 -1
0 -1
0 -1
-115.966283724 3
0 -1
-99.7570647049 3
0 -1
-85.9953989142 3
0 -1
-75.0165963733 3
0 -1
-40.7043773446 0
0 -1
-26.0336317499 0
0 -1
0 -1
0 -1
0 -1
-242.19318069 3
0 -1
-124.152049942 2
-123.152049942 2
-120.818716609 2
-116.206349086 2
-111.464770738 2
-104.040147118 2
-97.4237313715 2
-90.1667318971 2
-83.6620655809 2
-76.4689229238 2
-70.006827819 2
-58.6852700829 2
-49.4708982587 0
0 -1
-32.8674068597 0
0 -1
-60.1144338918 3
0 -1
0 -1
-241.19318069 3
0 -1
0 -1
0 -1
-122.80702644 0
0 -1
0 -1
0 -1
0 -1
0 -1
0 -1
0 -1
-76.1780796324 0
0 -1
-51.8479380341 0
0 -1
-40.6180695244 0
0 -1
-59.1144338918 3
0 -1
0 -1
-238.859847357 3
0 -1
-224.155687317 3
0 -1
-123.289491186 2
-121.944467684 2
-119.381118682 2
-114.440157347 2
-109.479516458 2
-104.505755865 2
-99.5232488025 2
-90.5702739324 2
-82.9349573524 0
0 -1
-52.9134976971 0
-52.0118371917 2
-49.7440635214 0
-53.5588783362 1
-56.7811005584 1
0 -1
0 -1
-235.637625135 3
0 -1
-223.155687317 3
0 -1
0 -1
0 -1
-121.714452015 0
0 -1
0 -1
0 -1
-106.458447763 0
0 -1
0 -1
0 -1
0 -1
0 -1
-56.9134630303 0
0 -1
0 -1
0 -1
0 -1
-231.82281032 2
-226.222536518 2
-220.822353983 2
-214.260344915 2
-208.219005537 3
0 -1
-122.714452015 0
0 -1
-117.694579536 2
-116.694579536 2
-114.361246203 0
-116.694579536 1
-117.694579536 1
0 -1
-128.252691482 3
0 -1
-65.1675622937 0
-68.9823771085 1
-72.2045993307 1
0 -1
0 -1
-234.058474657 0
0 -1
0 -1
0 -1
-202.524779285 3
0 -1
0 -1
0 -1
0 -1
0 -1
-120.500176417 0
0 -1
0 -1
0 -1
-127.252691482 3
0 -1
-72.0474211895 0
0 -1
-74.5379326641 0
0 -1
0 -1
-234.911971164 3
0 -1
-200.395295116 2
-199.395295116 2
-197.061961783 2
-187.442350184 2
-179.362609119 3
0 -1
-130.54190507 2
-129.54190507 2
-127.208571737 0
0 -1
-133.09164897 3
0 -1
-124.919358149 3
0 -1
-79.8672095333 0
0 -1
-75.5379326641 0
0 -1
0 -1
-233.814302168 3
0 -1
0 -1
0 -1
-203.505034145 0
0 -1
-172.309448408 3
0 -1
0 -1
0 -1
-132.864930214 0
0 -1
-132.09164897 3
0 -1
-121.697135927 3
0 -1
-89.096892049 0
0 -1
0 -1
0 -1
0 -1
-231.415856171 2
-228.150225506 2
-224.306471729 2
-217.124374305 2
-210.669642688 0
0 -1
-165.940674601 2
-158.825184807 2
-152.414858277 2
-145.275624069 2
-138.84946793 0
-134.394776554 2
-129.758315637 2
-123.632718922 2
-117.882321112 2
-108.417777938 2
-100.441415822 0
-102.774749156 1
-103.774749156 1
0 -1
0 -1
0 -1
0 -1
-229.281388445 0
0 -1
-213.002976022 0
0 -1
-168.274007935 0
0 -1
-154.74819161 0
0 -1
-143.847078599 0
0 -1
0 -1
0 -1
-122.246194835 0
0 -1
-107.82076792 0
0 -1
0 -1
0 -1
0 -1
-257.118543061 3
0 -1
-234.243763519 0
0 -1
-214.002976022 0
0 -1
-169.274007935 0
0 -1
-155.74819161 0
0 -1
-148.843494603 0
0 -1
-129.625338753 2
-128.625338753 2
-126.292005419 2
-121.350679808 2
-116.389796067 0
-118.7231294 1
-119.7231294 1
0 -1
0 -1
-256.118543061 3
0 -1
-239.187326129 0
0 -1
0 -1
0 -1
0 -1
0 -1
0 -1
0 -1
-153.838118608 0
0 -1
0 -1
0 -1
-132.887133893 0
0 -1
-121.233635286 0
0 -1
0 -1
0 -1
0 -1
-253.785209728 2
-248.975685918 2
-244.102670045 0
0 -1
-191.370568516 2
-187.609625755 2
-183.435663914 2
-176.522564667 2
-170.247165169 2
-164.396898837 2
-158.830054616 0
-154.432267595 2
-149.833742915 2
-145.101393128 2
-140.279826604 0
0 -1
-125.999394114 0
-130.648032357 1
-135.120989721 1
0 -1
0 -1
-256.118543061 0
0 -1
0 -1
0 -1
-194.511982657 0
0 -1
-187.609625755 0
0 -1
0 -1
0 -1
-162.644869431 0
0 -1
0 -1
0 -1
-144.645472323 0
0 -1
0 -1
0 -1
-139.330425767 0
0 -1
0 -1
-257.118543061 0
0 -1
-200.057437203 2
-199.057437203 2
-196.72410387 0
-194.511982657 2
-191.370568516 0
0 -1
-169.200424986 2
-168.200424986 2
-165.867091653 0
0 -1
-152.027274234 2
-151.027274234 2
-148.693940901 0
-149.695427579 1
-148.697657595 2
-146.36581094 2
-143.144579836 0
0 -1
0 -1
0 -1
0 -1
0 -1
0 -1
0 -1
0 -1
0 -1
0 -1
0 -1
0 -1
0 -1
0 -1
0 -1
0 -1
0 -1
0 -1
0 -1
0 -1
0 -1
0 -1
iterations 2211
